Fitness 
Max: -0.7466666666666667
Min: -0.7966666666666666 
Mean: -0.7876533333333334 
Std: 0.012425951338495823 

Best Values: [1 1 1 1 0 0 0 0 1 0 0 1 1 1 0 0 0 1 0 0 1 0 0 0 5 2]