Fitness 
Max: -0.75
Min: -0.7966666666666666 
Mean: -0.7915733333333335 
Std: 0.009209425123812596 

Best Values: [1 1 0 1 1 0 1 1 0 0 1 0 1 0 1 1 0 0 0 0 1 0 0 0 7 2]