Fitness 
Max: 55.648123267265326
Min: 1.4736803026803813 
Mean: 1.8317402525858948 
Std: 2.310189161571469 

Best Values: [-16.579192282198, -12.78257563629355, -8.35591082049588, -3.535559493092374, 1.2745228911584603, 5.68415071891651, 9.638357105493565, 12.789988162395892, 15.118767733275932, 16.650100574363492, 17.492447799366325, 17.736721032016987, 17.533197155888107, 17.014525324234903, 16.28929638854931, 15.882333601398006, 13.745003590947832, 13.450116654387845, 12.31151184011712, 11.057549028676469, 9.943604460964115, 8.137029369979514, 6.24148577430756, 4.739499120540438, 2.8917243221036673, 1.1817799118292456, -0.5291359091526996, -2.141072966613349, -3.6346365875249784, -5.008798971802513, -6.280150621704086, -7.45490786526597, -8.541396656255538, -9.508068557130736, -10.451296458406084, -11.13455558078258, -11.508734158559935, -11.3156655506987, -10.71163351861641, -9.315179926234793, -7.307008220166598, -4.3692556380793794, 0.07248967936333825, 3.5923442841042905, 8.209988904343186, 12.85249586082077, 17.206920290770846, 20.712731867702356]