Fitness 
Max: 69.09630322540245
Min: 1.5261829275322183 
Mean: 1.8184878958118347 
Std: 2.58404494845773 

Best Values: [-15.791670217426251, -12.393352506739864, -8.304363497661718, -3.867620573834753, 0.585821275356783, 4.106222884852377, 8.470124960958954, 11.51587968526729, 13.592329271764916, 15.541445717900176, 16.72779510078259, 17.07349351679089, 17.155084925176926, 17.08057578818721, 16.43568389813763, 15.774014475694043, 14.87703469178078, 13.950134906814654, 12.789281445826118, 10.782814363270457, 9.913639810399042, 8.20959921774858, 6.35902095768379, 4.436703756698553, 1.8638086066967927, 0.5768906803543261, -0.960601434049021, -2.8761506479126036, -4.371995088708375, -5.620432300620411, -6.970482711445086, -7.800088302942422, -8.674558932558769, -9.417488284904897, -10.165069639635417, -10.465016391716876, -10.61645301417499, -10.382604796680472, -9.735320349005232, -8.320074998900136, -6.258518846933502, -3.727662049401772, -0.3003519370820849, 3.5160070071938447, 7.417937735822918, 11.681950896858572, 15.801109001935005, 18.19684483207243]