Fitness 
Max: 52.1869103217845
Min: 1.4499676609817904 
Mean: 1.6210052718665953 
Std: 1.9602245318940843 

Best Values: [-16.273945333047248, -12.069403154469724, -7.4186563940702674, -2.660314333474154, 1.9106385066804616, 6.065395328051917, 9.652510107622376, 12.597579391673486, 14.892964706762163, 16.58041925301797, 17.730268846038093, 18.420954744434127, 18.722284696136615, 18.684766097321194, 18.33609749605576, 17.684503615559933, 16.482300086281708, 15.462607699062733, 13.900240662180224, 12.070929497212216, 10.029953083443704, 7.855272589017097, 5.639978475364958, 3.480464828713241, 1.4626151429438048, -0.35121675595232027, -1.9316685611636726, -3.2860616103631974, -4.455102438730816, -5.502641539152472, -6.49986527937535, -7.506450847703816, -8.551982810996604, -9.621161287886315, -10.64595961055079, -11.50694657090775, -12.044604318159712, -12.079855119761495, -11.44141243154614, -9.996254696801937, -7.678709673223902, -4.513486482072408, -0.6285571100251995, 3.744986027585518, 8.287243747592493, 12.617156328727036, 16.330686287410813, 19.04510512376156]