Fitness 
Max: 65.93425969661104
Min: 1.4767365930460306 
Mean: 1.9285338374954197 
Std: 2.5605334555917696 

Best Values: [-17.616586473418256, -12.57046238271402, -7.203223366153861, -1.8947837910600196, 3.030934267716085, 7.335624012914997, 10.515806566749303, 13.337227160028974, 15.573099655660712, 15.814948392175285, 17.58361509402631, 17.894651381935123, 17.89092148079574, 17.65709985832218, 17.815098833443322, 16.66314659526545, 15.520612327286985, 14.615768553075025, 13.491945102378894, 11.932352915111085, 10.303537330985419, 8.131221877386915, 6.014838503048514, 3.869542496000462, 1.801879131905951, -0.1579343739931086, -1.9112194875476722, -3.6161056434806973, -4.816797431845571, -5.993962294174709, -7.081982375113638, -8.078333944094362, -9.116552963075051, -10.076572480737937, -11.642845643894928, -11.590023606244076, -11.896766177461576, -10.980294806681107, -10.708062962314525, -9.186187517190902, -6.685602176383853, -3.544971060833724, 0.34374626737051894, 4.604942388060874, 8.930366430795502, 12.940241692812751, 16.20971422816668, 18.504195878229773]