Fitness 
Max: 68.21401333497003
Min: 1.4932514697243189 
Mean: 1.9615963341502702 
Std: 2.6260010165746297 

Best Values: [-18.82202312820433, -13.784699722400228, -8.256555471357412, -2.806880213870105, 3.054753451750653, 7.012475138590491, 10.927096185324018, 13.679514615937558, 15.713600469728897, 17.04953595398247, 17.724670527750103, 18.134721095047205, 17.18297364513396, 17.580897550013837, 17.128657948950867, 16.521307706584224, 15.744706117798051, 14.741037881629588, 13.506587672426637, 11.995124998318817, 10.118501145708773, 7.995985806331016, 5.860777008898791, 3.572873275535459, 0.7586602080165536, -0.7898923865387104, -2.9961993603898662, -3.9005005255868426, -5.217121759364052, -6.233030095750247, -7.086084429707791, -7.852868763122758, -8.599242325127388, -9.344278497564693, -10.166583657029664, -10.713698494255663, -11.12768604796748, -11.712336240964042, -10.634594258820014, -9.340934707853927, -7.246178981173636, -3.9037991076097893, -0.6031195611516036, 3.6615215960297647, 8.186030395270858, 11.56610893801032, 16.435948391948322, 20.40724741944112]