Fitness 
Max: 254.55835432221565
Min: 97.77723381958663 
Mean: 113.03359723120285 
Std: 27.37344841378532 

Best Values: [0, 9, 17, 22, 20, 5, 24, 13, 27, 15, 4, 7, 12, 2, 25, 14, 23, 18, 1, 8, 29, 26, 3, 10, 19, 11, 28, 21, 16, 6, 0]