Fitness 
Max: 266.1872224853179
Min: 99.96913052442063 
Mean: 118.00700328408583 
Std: 28.55291109732069 

Best Values: [0, 9, 17, 22, 20, 5, 24, 13, 27, 15, 4, 7, 12, 2, 14, 25, 18, 23, 3, 26, 1, 8, 29, 10, 19, 11, 28, 21, 16, 6, 0]