Fitness 
Max: 251.8393617486585
Min: 102.13901050543294 
Mean: 115.73186365721212 
Std: 26.624372219992335 

Best Values: [0, 9, 17, 22, 20, 5, 24, 13, 15, 27, 4, 7, 12, 2, 8, 1, 29, 26, 18, 14, 25, 23, 3, 10, 19, 11, 28, 21, 16, 6, 0]