Fitness 
Max: 271.9914012875167
Min: 99.2897734010968 
Mean: 119.23704819861855 
Std: 29.539440904048092 

Best Values: [0, 9, 17, 22, 20, 5, 24, 13, 15, 27, 7, 4, 2, 12, 14, 25, 23, 18, 8, 1, 29, 26, 3, 10, 19, 11, 28, 21, 16, 6, 0]