Fitness 
Max: 252.15255622502772
Min: 104.29062791296086 
Mean: 122.75512630068405 
Std: 28.09096779417635 

Best Values: [0, 20, 5, 24, 13, 27, 15, 4, 7, 12, 2, 14, 25, 18, 23, 8, 1, 29, 26, 3, 21, 28, 10, 19, 11, 9, 17, 22, 16, 6, 0]